6835
539 596
522 608
535 613
533 613
531 613
529 613
526 613
526 611
518 613
524 606
509 596
509 598
511 598
509 596
494 598
475 602
479 604
483 606
475 600
477 600
475 600
472 608
464 602
462 611
470 604
457 608
457 606
455 606
453 606
451 606
453 606
455 606
457 608
455 608
453 608
451 608
453 608
455 608
457 608
459 602
457 602
455 602
453 602
451 602
451 604
453 604
451 604
447 608
447 606
447 604
447 602
449 615
459 611
449 617
447 611
447 613
434 611
434 613
434 615
434 617
438 611
436 611
438 611
440 608
444 602
444 604
444 606
444 608
408 604
431 617
431 615
431 613
429 613
431 611
429 611
431 611
431 613
431 615
421 613
421 615
421 617
421 619
423 619
423 617
421 619
414 611
418 619
412 621
408 611
410 624
408 624
410 624
408 617
393 630
393 628
393 626
393 624
393 626
393 628
393 630
401 624
401 626
401 624
397 619
405 621
399 617
405 611
393 613
397 611
403 608
405 596
399 593
416 602
425 567
436 565
434 565
436 572
434 572
434 570
436 572
434 565
431 565
431 567
408 565
410 565
412 565
414 565
416 565
418 565
421 565
423 565
425 565
427 565
425 570
425 572
425 570
431 574
429 574
429 576
431 574
427 570
421 580
423 570
399 565
399 567
399 565
401 567
418 570
414 580
423 570
425 593
427 593
427 591
442 585
444 593
444 591
444 589
444 587
444 585
444 583
455 587
453 587
451 587
453 587
455 587
459 578
488 567
466 578
462 580
462 583
462 580
447 583
449 591
449 589
449 591
444 583
444 585
444 587
444 589
440 591
440 593
438 593
438 596
436 596
434 596
434 598
436 596
438 593
438 591
438 593
440 591
434 587
436 593
423 589
421 598
423 598
423 600
431 598
429 598
431 598
421 600
414 583
418 600
416 600
414 600
412 600
412 598
412 596
412 598
401 593
401 596
403 596
401 600
403 604
405 608
403 604
393 608
395 604
397 600
399 600
399 602
397 600
399 596
397 596
395 596
393 596
393 598
393 596
397 606
388 596
390 608
388 608
390 608
382 602
382 604
384 604
382 617
384 617
386 617
388 617
388 615
390 615
390 613
390 611
388 611
390 615
388 617
384 619
380 621
375 613
375 615
373 615
371 615
373 615
369 624
371 624
373 624
375 624
358 626
358 628
356 628
358 632
354 634
358 632
364 613
364 615
364 613
351 621
354 621
356 621
356 619
362 621
351 624
347 634
345 639
373 643
371 643
371 641
369 634
377 630
369 632
380 639
390 624
386 630
384 630
386 630
386 632
386 634
384 634
386 630
380 639
358 641
347 639
343 641
339 643
343 637
343 639
336 637
336 639
334 639
336 643
336 641
336 639
336 637
347 641
347 639
345 639
347 632
339 634
343 630
349 624
347 634
351 624
367 628
367 626
369 626
373 613
371 613
369 613
367 613
367 615
367 613
369 613
367 621
377 613
377 615
377 617
377 619
377 621
386 619
380 617
380 615
382 615
380 596
384 606
382 606
384 606
382 593
380 593
382 593
384 593
386 593
384 593
382 593
380 583
380 585
380 587
380 589
380 591
382 589
384 587
382 587
384 587
386 585
388 583
390 583
388 583
395 587
388 593
380 580
390 576
390 578
390 576
395 574
395 576
393 576
393 578
393 580
393 578
393 576
395 574
386 578
382 572
382 574
382 576
382 578
390 570
380 567
395 565
395 567
395 565
393 565
390 565
390 567
380 565
377 580
377 578
377 576
377 574
377 572
377 570
375 570
364 572
364 570
364 567
364 565
367 565
369 565
371 565
373 565
375 565
377 565
377 567
375 567
377 567
356 565
356 567
358 567
364 565
364 567
364 570
364 572
362 572
364 578
362 576
360 574
356 570
358 570
362 576
356 580
358 580
358 578
364 580
369 570
371 580
367 574
375 572
371 604
377 608
377 606
377 604
377 602
377 600
377 598
377 596
377 598
377 600
377 602
377 604
377 606
377 608
375 608
375 606
373 606
371 606
371 608
373 608
371 608
369 608
369 606
367 606
369 606
367 604
369 596
367 596
369 606
371 608
373 606
375 585
367 583
367 585
367 583
371 593
371 591
362 593
356 583
358 583
356 583
356 585
358 587
356 589
354 591
354 589
362 591
364 583
364 585
364 583
362 583
364 600
360 598
356 596
360 602
364 608
362 608
360 608
358 608
358 606
356 606
354 606
356 606
358 606
358 604
356 604
354 604
356 604
354 602
356 600
354 600
356 600
358 598
356 604
358 606
349 608
351 596
345 608
347 604
345 604
347 604
349 600
343 596
345 596
339 600
343 608
343 606
334 608
336 598
326 596
326 598
328 598
334 604
334 602
334 600
334 602
332 602
334 604
330 606
326 608
326 606
326 604
326 606
326 608
328 608
328 606
326 596
328 596
330 596
330 598
336 596
334 608
336 608
339 608
341 608
339 583
345 587
351 591
351 589
349 589
349 587
349 585
349 583
347 583
349 589
343 591
345 583
343 580
343 578
343 576
343 578
343 580
339 574
345 572
351 570
349 570
347 570
345 570
347 580
349 580
349 578
347 580
349 572
339 574
339 572
339 570
341 570
339 565
341 565
343 565
345 565
347 565
349 565
349 567
351 565
351 567
328 565
330 572
330 574
330 572
336 580
336 578
336 576
336 574
334 574
332 574
334 574
336 570
334 570
332 570
332 572
334 570
330 585
336 583
336 585
336 587
336 589
336 591
336 593
336 591
334 591
334 593
332 593
334 593
336 591
330 585
326 593
328 580
326 580
328 580
330 567
313 565
313 567
313 565
315 565
313 580
313 578
317 570
323 580
323 578
323 576
323 574
323 572
323 570
319 574
321 580
315 578
321 587
317 589
313 591
323 593
323 591
323 589
323 587
323 585
323 583
323 585
323 587
323 589
323 591
323 593
319 589
321 583
315 585
315 587
315 589
315 587
315 585
313 583
306 598
313 596
313 598
313 600
313 602
313 604
313 606
313 608
315 608
317 608
319 608
321 608
321 606
321 608
319 604
315 596
317 596
319 596
321 596
323 596
323 598
321 598
323 608
323 606
323 604
323 602
323 600
323 598
323 596
319 598
315 600
317 604
315 604
317 604
319 608
310 600
308 600
310 608
308 608
306 608
304 608
304 606
298 608
298 606
298 604
300 604
302 600
304 596
302 596
304 596
302 600
304 602
304 604
304 602
300 598
298 596
298 598
298 596
300 596
298 608
300 608
300 606
310 608
308 587
298 593
300 593
302 593
300 593
300 591
298 593
298 591
298 589
300 589
298 570
300 570
298 576
304 578
302 570
308 574
308 576
306 576
308 574
289 563
285 574
287 574
289 574
289 572
295 574
291 578
291 580
291 578
291 576
291 578
295 570
285 576
285 578
287 578
285 585
287 587
291 591
293 593
295 608
293 608
295 608
295 606
293 606
295 600
285 596
285 598
285 600
285 598
285 596
287 600
289 604
291 608
285 604
285 606
285 608
285 606
285 604
295 600
295 598
293 598
295 583
295 585
293 585
293 583
291 583
291 585
291 583
293 585
295 593
278 587
282 596
272 600
274 600
272 600
276 596
282 604
272 608
272 606
272 608
291 611
269 617
267 608
265 608
263 608
261 608
259 608
261 608
263 608
265 608
267 608
269 608
259 621
259 619
261 619
259 611
282 615
282 613
280 613
278 613
280 613
282 585
272 583
272 585
274 585
274 587
274 585
272 593
274 593
276 593
274 593
274 591
276 591
276 589
276 591
274 593
272 583
282 580
282 578
280 578
278 578
280 578
274 563
276 563
276 565
282 563
282 565
280 565
278 565
280 565
282 565
282 567
280 567
278 567
280 567
282 565
272 567
274 567
272 580
274 580
276 580
278 580
276 580
276 578
276 576
276 578
274 578
274 576
276 578
267 576
269 576
267 567
269 578
259 580
261 580
259 563
259 565
261 565
263 572
269 593
267 593
265 593
263 593
265 593
265 591
261 583
259 593
263 583
269 600
265 596
263 596
265 596
244 598
252 600
256 587
252 593
254 585
252 583
250 583
248 583
250 583
252 583
250 585
252 591
250 591
248 591
248 593
244 591
244 589
246 589
244 578
256 580
256 578
254 578
248 576
256 570
246 578
246 576
246 574
248 574
246 565
241 567
231 565
256 567
244 563
248 574
246 574
244 574
241 574
239 574
237 574
235 574
237 580
235 580
233 580
231 580
231 578
231 580
233 580
231 570
231 572
231 574
231 572
231 570
233 570
235 570
235 572
241 580
239 580
241 580
244 570
246 593
226 600
241 598
241 596
239 596
241 583
239 583
241 583
241 585
233 583
235 583
237 583
237 585
233 583
237 593
237 591
231 593
235 587
228 583
218 602
218 600
218 598
218 596
218 598
218 600
220 600
220 602
220 600
218 580
228 574
222 572
220 580
218 572
228 570
226 570
224 570
222 570
220 570
218 570
218 567
220 567
218 563
228 565
226 565
228 565
228 567
205 565
205 567
205 565
209 567
215 570
215 572
213 572
211 572
209 572
211 572
213 572
211 574
205 570
207 578
207 576
207 578
207 580
207 578
205 580
207 570
215 574
215 576
213 576
213 578
211 578
209 578
211 578
213 576
207 585
209 585
207 585
215 583
213 591
215 593
213 593
213 591
211 589
209 587
207 587
207 589
209 587
211 589
209 589
211 589
205 591
205 589
205 587
205 585
205 583
205 585
205 587
205 589
205 591
205 593
207 593
205 593
215 602
215 600
213 600
215 602
194 596
196 596
194 608
233 613
228 606
231 606
233 606
235 606
222 608
228 613
226 613
224 613
224 611
222 611
224 611
202 613
194 598
194 600
177 598
177 600
179 600
177 604
179 604
181 604
179 604
179 606
181 606
179 606
177 604
185 600
187 608
187 606
185 606
183 602
181 598
187 596
192 611
190 591
194 589
196 591
198 593
198 591
198 589
196 589
196 587
196 589
198 587
202 585
202 587
202 589
202 591
202 593
202 591
200 583
198 583
196 583
198 583
200 583
200 585
198 585
200 593
190 589
192 574
183 570
185 570
183 593
185 593
187 593
185 593
183 574
200 570
200 572
200 574
200 576
200 578
198 578
196 578
196 580
198 578
196 576
198 578
200 580
198 580
200 580
202 565
183 563
185 563
187 563
185 563
183 563
179 570
177 570
179 570
161 565
161 567
161 570
159 570
161 578
155 580
157 570
151 576
151 578
151 580
149 580
166 587
164 576
164 578
164 576
174 580
172 580
174 572
164 570
164 572
174 570
168 583
179 587
177 587
177 589
177 591
177 589
179 589
179 591
177 589
168 587
164 613
153 624
151 626
161 611
174 615
187 619
185 619
187 626
174 624
200 619
200 617
198 617
196 617
198 617
200 619
200 621
215 619
215 621
213 621
211 621
213 621
215 619
205 617
205 619
205 621
205 624
207 624
209 624
207 624
207 626
209 626
207 624
205 630
213 628
218 619
220 619
218 619
241 621
231 632
231 630
233 630
235 630
233 630
237 624
237 626
231 624
239 630
241 617
248 621
246 615
254 611
256 617
256 615
256 613
256 611
256 613
254 613
248 615
248 613
248 615
256 621
256 619
244 621
252 624
244 626
244 624
244 621
246 621
244 615
241 621
239 621
237 621
237 619
218 621
218 624
218 626
218 628
218 630
220 630
218 630
222 624
228 632
226 632
224 632
222 632
224 632
226 632
228 632
228 630
228 628
226 628
228 624
226 624
228 624
228 626
226 626
228 630
226 630
224 630
224 628
222 628
224 628
211 624
215 630
213 630
211 630
209 630
207 630
205 630
200 624
198 630
190 624
194 626
202 624
202 626
202 628
202 630
202 628
202 626
202 624
202 621
202 619
202 617
202 619
190 617
177 621
177 619
177 617
177 615
177 613
177 611
179 611
179 613
181 615
179 613
181 613
179 613
177 611
174 621
172 621
174 621
168 619
168 617
170 617
168 619
174 611
164 615
164 613
164 611
164 608
164 606
164 604
164 602
164 600
164 598
174 602
172 602
174 596
166 602
168 604
170 606
172 608
170 608
170 606
166 608
170 589
174 583
174 585
159 589
161 589
159 608
157 596
155 596
153 596
151 596
149 596
151 596
153 596
153 598
155 598
155 600
153 598
142 602
142 600
142 598
142 596
142 598
142 600
142 602
144 596
161 600
161 598
159 598
161 583
159 583
161 583
161 585
159 585
157 585
157 587
149 593
149 591
149 593
155 585
153 585
151 585
149 585
146 585
144 593
144 591
144 593
146 593
144 583
142 593
142 591
142 589
140 589
142 585
133 583
153 585
144 578
146 570
144 570
142 570
140 570
142 570
144 570
146 570
142 574
142 572
140 572
142 574
140 574
142 574
140 576
136 580
136 578
138 578
136 570
136 572
138 572
136 580
146 574
144 580
151 576
149 576
149 574
151 576
151 574
151 576
155 570
153 570
151 570
149 570
151 570
151 572
149 572
151 572
155 570
161 580
159 580
161 580
161 578
161 576
159 576
161 565
149 557
151 565
144 567
149 546
149 548
149 550
149 552
149 554
149 552
140 554
138 542
142 548
146 554
142 567
140 567
142 567
133 557
133 559
133 561
133 563
131 563
133 567
131 567
133 567
127 559
123 567
129 570
123 574
120 576
120 574
118 574
116 574
118 574
118 576
116 576
118 576
120 574
114 570
110 576
114 559
114 561
114 563
114 565
114 567
116 567
118 567
120 567
120 565
118 565
116 565
118 565
120 565
116 567
114 559
101 572
101 570
99 570
101 572
103 570
105 572
107 574
107 572
105 572
107 559
97 563
95 563
97 563
97 561
95 561
97 563
92 567
92 565
92 563
92 561
92 559
92 557
90 557
90 559
92 557
84 561
84 559
84 557
82 557
82 559
82 557
84 561
82 561
84 561
71 559
79 554
77 554
79 542
79 544
79 546
79 548
79 550
73 546
77 552
71 548
69 554
69 552
69 550
69 548
69 550
69 552
69 554
77 552
73 561
69 557
73 593
75 611
60 613
62 621
62 619
62 617
62 615
60 615
60 613
60 611
60 608
62 608
60 602
62 604
64 606
66 608
64 608
60 591
66 593
64 593
66 583
64 585
62 585
64 585
66 591
64 591
62 591
62 589
58 591
58 589
60 589
64 580
58 578
60 578
62 578
62 576
66 578
66 580
66 578
56 572
56 574
56 576
56 578
56 580
58 563
66 554
62 529
64 529
62 529
66 567
64 567
66 567
66 565
64 565
66 565
62 561
60 559
58 557
60 557
58 557
60 565
56 561
53 567
56 550
56 552
56 554
56 557
56 559
56 561
56 563
56 565
56 567
62 565
66 576
58 570
64 583
62 583
60 583
60 585
53 583
53 580
53 578
53 576
53 574
53 572
53 570
53 572
53 574
53 576
53 578
53 580
53 583
53 585
53 587
56 593
58 583
58 585
60 585
58 593
66 596
64 596
66 602
60 600
62 600
60 600
62 598
60 600
58 600
60 600
58 602
66 615
66 617
64 617
66 641
38 643
38 641
34 639
32 637
34 639
38 643
41 643
41 641
66 643
64 643
62 643
64 643
66 643
64 611
66 611
66 613
75 611
79 621
71 619
69 628
79 624
71 630
79 632
73 637
82 647
84 647
86 647
88 647
90 647
92 647
95 647
97 647
99 647
101 647
103 647
105 647
107 647
110 647
112 647
114 647
116 647
118 647
120 647
123 647
125 647
127 647
129 647
131 647
133 647
136 647
136 641
133 641
131 641
129 634
129 632
129 634
127 634
129 634
136 641
136 647
138 647
140 647
142 647
144 647
146 647
149 647
151 647
153 647
155 647
157 647
159 647
161 647
164 647
166 647
168 647
170 647
172 647
174 647
177 647
179 647
181 647
183 647
185 647
187 647
190 647
192 647
194 647
196 647
198 647
200 647
202 647
205 647
207 647
209 647
211 647
213 647
215 647
218 647
220 647
222 647
224 647
226 647
228 647
231 647
233 647
235 647
237 647
239 647
241 647
244 647
246 647
248 647
250 647
252 647
254 647
256 647
259 647
261 647
263 647
265 647
267 647
269 647
272 647
274 647
276 647
278 647
280 647
282 647
285 647
287 647
289 647
291 647
293 647
295 647
298 647
300 647
302 647
304 647
306 647
308 647
310 647
313 647
315 647
317 647
319 647
321 647
323 647
326 647
328 647
330 647
332 647
334 647
336 647
339 647
341 647
343 647
345 647
347 647
349 647
351 647
354 647
356 647
358 647
360 647
362 647
364 647
367 647
369 647
371 647
373 647
375 647
377 647
380 647
382 647
384 647
386 647
388 647
390 647
393 647
395 647
397 647
399 647
401 647
403 647
405 647
408 647
410 647
412 647
414 647
416 647
418 647
421 647
423 647
425 647
427 647
429 647
431 647
434 647
436 647
438 647
440 647
442 647
444 647
447 647
449 647
451 647
453 647
455 647
457 647
459 647
462 647
464 647
466 647
468 647
470 647
466 637
464 637
466 637
459 643
384 641
384 643
386 643
384 641
466 643
464 643
466 643
488 637
488 634
490 634
492 630
494 630
494 632
492 630
494 626
492 626
490 626
488 626
488 628
488 630
488 632
488 630
488 628
488 626
496 630
494 624
503 621
477 641
462 634
464 634
466 634
468 634
470 634
472 634
475 634
475 632
477 632
475 632
485 634
485 632
485 630
485 628
483 628
485 628
470 634
470 637
472 637
470 647
472 647
475 647
477 647
479 647
481 647
483 647
485 647
488 647
490 647
492 647
494 647
496 647
498 647
500 647
503 647
505 647
507 647
509 647
511 647
513 647
516 647
518 647
520 647
522 647
524 647
526 647
529 647
531 647
533 647
535 647
537 647
539 647
539 643
537 643
537 641
539 641
537 641
537 643
500 641
539 643
82 647
82 645
82 643
82 641
82 639
82 637
82 634
82 632
82 630
82 628
82 626
82 624
82 621
82 619
86 641
79 647
77 647
75 647
73 647
71 647
69 647
66 647
64 647
62 647
60 647
58 647
56 647
53 647
51 647
49 647
47 647
45 647
43 647
41 647
38 647
36 647
34 647
32 647
30 647
28 647
25 647
23 647
21 647
19 647
17 647
15 647
12 647
10 647
8 647
6 647
4 647
4 643
6 643
8 643
6 643
6 641
4 641
6 643
79 647
79 645
79 643
79 641
79 639
79 637
69 643
69 641
69 643
71 643
73 641
75 639
77 637
69 639
71 639
69 630
77 634
77 632
75 632
73 632
71 632
73 632
75 632
77 624
69 615
69 617
77 621
77 619
77 617
75 617
73 617
71 617
71 615
75 617
77 615
69 596
69 598
69 600
69 602
69 604
69 606
71 606
69 608
71 608
69 565
75 557
73 565
88 559
82 542
84 542
84 544
84 546
84 544
82 542
84 552
90 548
90 550
90 548
92 537
90 537
88 537
88 539
86 539
84 539
82 539
84 539
86 539
88 539
92 537
86 563
101 567
99 567
101 559
103 559
105 559
107 559
110 559
112 559
112 561
110 561
112 574
116 572
120 570
123 576
123 574
123 572
123 570
131 578
133 580
131 580
133 580
133 578
133 576
133 574
133 572
131 572
133 570
131 570
133 570
129 574
127 576
127 578
129 578
127 576
129 576
127 576
125 578
129 567
123 557
127 559
125 559
127 559
131 561
133 552
131 552
133 552
123 554
125 554
127 554
125 554
123 554
127 548
125 546
123 544
120 552
118 542
116 542
118 542
118 544
116 544
118 550
116 550
118 550
110 548
114 542
107 537
107 539
105 539
107 548
103 546
99 544
95 542
95 544
95 542
97 542
97 544
97 542
95 554
97 554
95 546
107 542
95 537
116 539
116 537
118 537
116 531
118 531
120 531
123 531
136 539
131 546
133 537
120 531
116 529
114 516
116 516
118 516
116 516
116 518
120 516
123 526
116 520
114 522
112 524
110 526
112 505
95 520
97 522
95 522
97 522
99 524
97 524
95 524
97 524
99 524
101 526
101 524
101 526
99 526
97 526
95 526
99 522
97 518
107 516
105 529
103 529
101 529
99 529
97 529
95 529
101 533
99 533
97 533
95 533
92 533
92 531
92 529
92 531
86 533
90 522
82 520
71 529
73 529
75 529
77 529
77 531
79 529
77 531
75 531
77 531
75 533
77 524
75 524
73 524
71 524
71 526
71 524
79 520
71 522
73 522
71 513
69 526
66 516
64 516
66 516
58 518
62 507
64 509
66 511
66 513
64 513
66 511
64 511
64 509
58 511
51 492
49 494
47 496
49 496
47 496
45 498
43 498
45 498
43 500
47 494
43 488
45 488
47 488
49 488
51 488
49 490
51 490
49 490
47 490
45 490
43 490
41 490
41 492
41 494
41 496
41 498
45 475
43 475
45 475
49 485
47 485
47 483
47 481
49 481
49 483
49 481
47 483
34 485
34 483
34 485
36 485
32 466
38 472
43 462
45 472
34 455
36 455
36 453
43 455
41 455
41 457
43 457
41 457
41 459
43 459
41 457
36 449
32 455
30 447
30 449
30 451
30 453
30 455
30 457
30 459
32 459
32 457
30 459
38 438
32 440
36 429
36 431
28 429
25 421
19 405
25 423
28 412
25 434
28 427
32 436
25 438
28 438
28 440
28 442
30 442
30 444
30 442
28 440
30 440
28 440
28 438
30 438
28 434
38 438
36 451
34 464
32 464
30 464
30 462
32 462
34 462
32 462
30 462
34 464
36 468
36 466
36 468
38 472
32 477
41 481
41 479
41 477
41 475
43 496
47 490
58 500
43 503
45 505
47 507
49 505
51 503
51 505
53 505
51 511
53 513
49 507
51 507
51 509
51 507
53 507
51 503
56 507
56 509
56 511
56 513
56 511
56 509
56 507
58 503
60 520
64 524
66 526
75 516
73 516
75 516
77 526
82 524
92 520
92 522
92 524
92 526
92 524
92 522
92 520
86 524
90 531
82 533
82 531
101 533
101 531
101 529
103 529
103 531
103 529
107 516
101 513
99 513
101 513
103 513
105 513
107 513
107 511
105 511
103 511
105 511
107 511
118 513
116 513
114 513
116 513
118 513
114 507
116 507
118 507
120 507
120 509
120 511
120 513
114 505
116 505
118 505
120 505
120 503
138 505
136 500
151 513
140 503
138 503
138 505
127 503
125 509
123 503
123 505
123 507
123 509
123 511
123 509
123 507
123 505
123 503
120 503
118 503
116 503
114 503
123 488
123 490
123 492
123 494
123 496
123 498
123 500
125 500
127 500
129 500
131 500
133 500
133 498
131 498
133 500
125 498
127 498
125 483
127 500
120 488
118 488
118 490
116 490
116 492
114 492
116 492
118 490
110 488
125 475
123 479
120 485
118 485
120 485
118 481
116 477
118 483
110 481
114 496
114 494
114 496
90 500
88 507
90 500
99 503
97 503
99 488
99 490
99 492
99 494
99 496
97 496
99 500
105 498
107 481
103 485
103 483
103 481
103 479
101 485
99 477
95 475
99 485
92 483
90 481
92 475
92 477
84 475
95 470
71 466
86 464
82 447
82 449
84 459
82 459
79 459
77 459
79 459
77 451
60 453
56 447
56 449
58 449
60 449
58 449
58 447
60 447
58 449
56 477
64 483
64 485
66 485
69 488
71 488
69 488
66 485
64 483
56 477
56 475
56 472
56 470
56 468
56 466
56 464
56 462
56 459
56 457
56 455
56 453
58 453
58 455
58 457
58 455
58 453
66 451
66 449
64 449
62 449
64 449
66 440
56 434
56 436
56 438
56 440
56 442
56 444
56 442
56 440
56 438
56 436
56 434
66 431
64 431
64 429
56 431
51 416
51 414
51 416
45 414
47 412
45 412
47 412
49 410
47 410
45 410
43 410
43 408
34 410
34 408
34 410
38 414
41 401
41 403
43 403
45 405
43 403
41 401
34 397
30 403
23 395
10 351
12 343
10 343
10 345
10 347
10 345
12 343
28 390
25 397
30 393
32 405
38 401
38 399
36 399
32 395
36 399
38 401
41 416
47 408
45 408
47 408
43 418
43 416
43 414
43 412
43 414
43 416
53 418
45 429
49 436
45 421
51 431
53 431
51 421
58 431
60 429
62 427
58 421
58 423
58 425
60 425
58 444
60 444
58 444
66 434
64 434
66 451
75 453
73 444
75 444
77 444
79 444
71 451
75 449
77 451
79 453
79 451
79 449
79 447
79 449
79 451
79 453
79 455
79 457
79 459
82 459
84 459
86 459
88 459
84 449
105 440
107 442
112 447
114 449
114 447
116 447
110 444
110 442
110 444
120 440
116 434
114 431
125 423
136 440
127 453
127 451
127 449
127 447
140 451
140 449
140 451
138 451
136 451
133 451
131 451
129 434
129 436
129 434
125 444
123 434
125 436
127 438
129 440
133 444
133 442
131 442
133 436
127 427
125 427
127 427
127 429
127 431
127 429
125 429
125 431
125 429
127 427
123 421
123 423
123 425
123 427
123 429
123 431
114 429
120 421
116 425
114 425
116 425
118 423
116 423
114 423
116 423
118 423
112 421
112 423
112 425
112 427
112 429
114 416
123 418
114 414
120 412
118 408
116 408
118 408
120 418
118 418
116 418
114 418
112 418
110 418
107 408
105 408
107 416
116 397
118 405
110 403
112 386
103 388
105 388
103 403
107 386
97 388
99 384
101 380
101 382
95 380
99 390
105 386
103 369
99 375
99 377
101 377
99 375
88 367
92 339
92 341
92 343
92 345
92 347
90 347
92 351
90 351
88 351
88 349
86 347
82 343
82 345
84 345
82 351
82 349
82 347
82 345
82 343
82 341
84 341
82 339
88 343
84 330
92 336
90 336
92 336
86 321
71 323
73 323
71 317
71 319
71 321
73 321
73 319
73 317
73 319
73 321
71 326
73 326
75 326
75 328
73 328
75 328
79 326
79 328
79 330
79 332
79 334
79 336
79 334
79 332
79 330
77 330
75 330
73 330
75 330
77 330
79 347
79 345
79 343
79 341
79 339
79 341
77 341
79 313
79 315
79 317
79 315
79 313
77 313
75 313
73 313
71 313
77 304
73 302
71 302
73 302
69 300
77 302
71 295
79 291
79 293
73 291
77 287
71 291
75 285
69 282
71 282
69 282
69 285
71 285
73 285
75 285
77 285
71 298
75 304
79 310
77 310
75 310
73 310
75 310
77 310
77 308
69 310
69 308
69 306
69 304
69 302
69 304
69 306
69 308
69 310
71 310
69 315
77 313
71 315
82 323
86 313
82 280
82 282
82 280
88 276
84 241
90 233
84 241
88 295
82 336
82 334
82 332
82 330
82 328
82 326
88 328
84 351
90 356
84 354
92 377
101 371
95 356
97 358
97 360
95 360
95 362
97 362
95 360
97 358
103 354
103 356
103 358
103 360
103 362
103 364
103 362
103 360
103 358
103 356
103 354
105 354
107 354
107 356
105 356
107 356
105 354
103 351
112 349
112 351
114 351
112 356
110 356
112 356
118 349
116 349
114 349
116 349
118 349
131 339
133 347
131 347
133 347
131 343
127 349
129 339
123 349
116 347
116 345
118 345
116 347
114 341
123 339
103 341
103 343
105 343
103 347
95 341
103 347
105 345
107 343
107 341
105 341
103 339
107 343
116 334
114 336
118 332
120 330
120 328
120 330
125 336
133 326
131 336
155 339
136 345
136 343
136 341
136 339
138 339
138 341
138 339
136 339
138 345
146 341
146 339
144 339
146 334
136 326
136 328
168 334
170 326
172 334
174 326
177 326
177 328
183 326
181 326
179 326
179 328
168 332
164 326
166 326
164 326
157 336
153 326
153 328
153 326
155 334
155 332
149 334
155 336
153 336
151 336
149 336
151 336
149 321
157 323
153 317
133 323
136 323
138 323
138 321
161 313
159 323
161 323
161 321
166 315
168 319
166 319
168 319
170 323
168 323
170 323
172 315
174 323
172 323
174 313
172 313
174 313
164 315
170 308
179 310
177 323
179 313
183 319
183 321
183 323
185 323
183 319
192 313
190 313
192 313
202 328
202 326
202 328
196 323
209 313
215 332
213 323
215 323
218 323
220 323
220 326
231 323
246 339
276 330
272 332
272 330
272 332
254 341
256 341
254 341
250 339
256 336
254 336
252 336
250 336
248 336
246 336
244 336
246 328
248 328
246 328
252 332
261 321
272 323
274 321
274 323
274 321
272 321
269 321
269 323
267 323
267 326
265 326
267 326
269 323
261 321
254 332
218 326
222 336
224 336
226 336
228 336
226 336
224 336
222 336
224 341
226 341
226 339
228 339
231 339
233 336
226 339
224 341
218 326
228 321
228 323
226 323
224 323
222 323
224 323
226 323
228 321
213 323
205 313
205 315
205 317
205 319
205 321
205 323
205 326
207 317
202 323
194 313
196 323
181 300
183 300
181 300
187 298
194 310
192 304
190 298
192 298
194 298
196 298
198 298
200 298
207 310
209 291
226 287
228 278
237 280
235 272
246 276
256 259
272 263
285 256
285 259
287 259
291 261
295 263
293 263
291 263
291 265
285 263
285 265
287 265
285 269
295 265
291 272
293 272
295 272
298 272
300 272
304 261
302 261
304 261
298 265
300 265
298 259
308 252
306 256
304 256
302 256
300 256
298 256
300 256
302 256
302 254
304 254
302 254
306 256
298 259
298 261
300 261
298 272
293 282
291 282
293 282
295 272
272 269
274 269
272 269
282 263
274 278
269 269
259 272
261 274
259 285
261 274
269 272
267 282
269 278
272 272
272 274
272 276
272 278
272 280
274 272
295 269
293 267
291 265
295 259
293 259
291 259
289 259
287 259
285 259
293 254
291 254
293 254
282 256
282 254
282 256
280 254
278 254
280 254
278 252
261 256
274 248
276 248
276 250
274 248
272 256
280 250
278 250
280 250
282 259
280 259
278 259
276 259
274 259
272 259
272 261
269 263
267 263
269 263
263 267
265 267
269 259
267 259
267 261
263 259
259 269
261 259
250 261
256 269
254 269
254 267
256 267
256 265
254 267
239 269
254 272
254 274
254 272
250 278
256 282
256 280
256 278
256 276
254 276
256 272
248 289
241 287
235 285
235 287
235 289
235 291
233 291
231 291
233 291
235 293
237 291
237 289
237 291
218 300
228 291
235 295
233 295
235 285
239 291
254 287
250 285
250 287
250 285
244 282
248 278
248 276
248 278
254 282
252 274
241 272
239 278
235 272
235 274
233 274
235 280
228 276
226 278
222 282
231 285
211 289
213 302
211 302
213 302
207 298
202 310
202 308
202 306
202 304
202 302
202 300
200 300
198 300
196 300
194 300
196 300
198 300
200 300
200 302
198 302
196 302
194 302
196 302
198 302
198 304
196 304
198 302
200 310
200 308
198 308
196 308
198 308
200 295
194 293
194 295
200 293
190 295
192 293
192 295
192 293
194 291
200 293
198 287
200 285
198 285
200 285
207 287
205 280
207 278
228 272
220 261
235 263
228 259
233 250
241 259
248 256
248 254
250 254
239 252
248 239
263 235
274 241
263 235
248 239
256 250
263 248
239 246
207 272
215 265
211 252
190 259
196 259
198 259
194 265
200 254
215 250
213 250
215 235
207 248
220 244
222 244
220 244
220 246
220 244
218 231
222 241
222 239
224 239
226 235
228 231
226 231
224 231
222 231
228 235
231 237
248 224
246 224
244 224
244 222
241 228
239 228
241 228
239 218
237 222
237 224
237 222
235 226
224 224
224 226
222 226
224 224
237 228
235 228
233 228
231 228
233 228
235 228
237 228
237 226
235 226
237 220
239 220
241 220
241 218
248 220
256 218
256 220
256 222
256 224
252 218
250 222
248 226
250 224
252 222
254 220
246 215
261 211
265 213
263 213
265 213
269 215
259 222
259 220
259 222
269 220
267 220
269 220
263 215
274 209
278 215
278 213
278 211
276 211
278 194
276 194
274 194
274 196
263 202
265 196
250 200
250 198
252 198
254 198
254 196
252 198
256 194
254 194
252 194
250 194
252 198
254 202
244 209
250 207
256 205
235 200
237 200
237 202
235 202
233 202
235 202
237 202
241 200
241 202
241 205
239 205
239 207
237 207
239 205
241 211
237 213
235 207
233 207
231 207
228 207
228 209
228 211
228 213
228 215
226 207
224 207
226 215
218 209
218 211
218 213
220 213
220 211
220 213
218 218
220 218
222 218
224 218
226 218
209 220
211 226
209 226
207 226
205 226
207 218
202 224
200 218
185 220
200 218
200 220
198 220
196 220
194 220
194 222
198 220
198 222
198 220
200 224
181 226
174 233
172 233
174 233
172 235
170 237
170 235
170 237
168 239
166 241
161 246
161 248
161 250
161 252
161 254
161 256
161 254
159 254
161 246
164 254
166 248
168 246
168 248
168 250
168 248
168 246
170 244
170 246
170 248
170 246
170 244
168 246
166 246
168 237
170 239
172 241
183 231
181 224
196 228
207 218
205 226
207 226
209 226
211 226
215 218
207 215
211 213
215 211
209 218
218 222
218 220
218 218
218 215
220 215
218 209
220 209
222 209
224 209
224 207
235 209
233 209
235 209
241 207
248 196
256 202
259 192
259 194
261 194
265 205
259 207
261 196
269 202
263 194
272 202
274 202
276 202
274 202
272 202
272 200
272 198
272 196
274 196
272 194
282 196
280 196
274 205
282 209
282 207
282 209
272 218
280 235
272 226
272 228
272 226
310 220
308 215
306 215
304 215
306 215
308 215
310 228
308 228
308 226
306 226
308 226
310 228
313 218
315 218
317 218
317 220
315 220
317 220
321 218
319 218
321 218
328 233
336 231
334 231
336 231
336 233
336 235
334 235
334 237
334 235
336 239
332 231
330 231
332 231
326 235
328 248
334 244
328 256
336 269
336 267
336 265
334 265
336 259
330 261
334 248
351 261
358 254
356 254
354 254
354 252
354 250
354 248
354 246
354 248
354 250
354 252
358 254
351 269
351 267
351 265
351 263
351 261
351 259
349 259
349 261
349 263
349 265
349 267
349 269
349 267
349 265
349 263
349 261
343 265
341 259
339 269
339 267
339 265
339 263
339 261
339 259
347 269
339 272
345 274
336 347
339 339
343 358
349 354
347 356
345 358
343 360
351 356
358 364
356 364
354 364
356 364
358 364
367 358
377 369
351 367
369 369
377 358
382 369
380 360
382 360
382 358
382 356
382 358
390 360
395 339
397 339
395 345
397 345
399 345
401 345
403 345
405 345
403 347
401 349
405 339
408 347
410 347
410 345
421 347
423 339
425 339
427 339
427 341
436 339
429 336
431 341
421 339
421 341
421 343
421 345
421 347
421 349
421 351
421 354
421 356
421 358
440 384
442 382
444 380
444 382
444 384
444 382
444 380
442 380
442 382
434 380
434 382
434 384
434 386
436 386
434 388
444 373
455 371
447 384
462 375
475 367
457 364
459 364
462 364
464 364
466 364
466 362
464 362
466 362
470 364
470 362
470 364
468 358
488 356
490 362
494 345
492 345
490 345
488 345
485 345
483 345
485 345
488 345
490 345
492 358
513 360
481 356
483 356
481 356
485 362
481 360
477 358
475 364
477 364
483 362
475 358
472 364
470 358
462 375
455 367
459 377
457 377
455 377
455 375
431 377
429 390
427 390
425 390
427 390
429 390
429 388
427 388
425 388
427 388
429 388
412 390
421 386
423 395
429 393
410 397
412 405
405 397
403 408
393 412
397 418
395 418
393 418
395 418
397 418
395 414
393 410
395 410
397 410
397 408
395 408
397 408
412 410
408 421
410 421
412 421
414 421
401 425
403 418
405 418
403 418
403 421
401 421
403 431
393 434
401 447
369 451
371 451
371 449
369 451
369 449
369 447
371 447
377 434
373 438
369 431
371 431
373 431
375 431
373 431
373 429
377 431
377 429
377 427
377 425
377 423
384 425
390 410
388 412
384 423
386 423
388 423
390 423
390 421
393 421
393 423
390 421
388 421
390 421
390 423
390 425
388 425
386 425
386 427
388 425
390 431
384 423
380 434
382 436
390 434
388 434
390 444
388 444
390 444
390 442
380 444
380 442
380 440
380 438
380 436
380 438
380 440
380 442
380 444
390 436
388 434
386 434
384 434
384 436
380 434
386 429
380 425
377 423
375 425
371 438
364 436
371 444
369 442
367 442
369 442
367 440
375 434
373 453
375 453
377 453
380 453
380 451
390 447
393 453
393 451
393 449
393 447
444 431
442 431
440 431
438 431
436 431
434 431
449 444
449 447
447 447
449 444
438 447
442 453
472 442
472 444
472 442
462 444
470 447
464 449
475 464
464 472
462 472
462 470
453 472
455 472
457 472
459 472
455 462
447 472
444 472
442 472
440 472
438 472
440 472
440 470
442 470
440 470
440 468
440 466
442 466
442 468
442 466
440 464
429 472
431 472
431 470
440 466
444 472
444 470
444 468
444 466
444 464
442 464
444 464
449 475
447 475
449 475
447 464
449 464
451 464
453 464
455 464
453 468
451 468
451 466
453 468
451 472
453 462
455 462
457 462
459 462
459 464
462 470
462 468
462 466
462 464
462 462
464 472
472 459
470 459
468 459
470 459
472 459
464 462
466 466
468 470
470 470
468 470
468 468
477 464
477 466
477 468
477 470
475 470
477 470
479 462
539 513
479 466
485 462
485 464
483 464
485 464
475 462
485 455
500 459
513 444
511 444
509 444
507 444
516 447
516 444
516 447
513 447
511 447
509 447
507 447
505 447
503 447
505 447
503 457
500 457
498 457
496 457
498 449
500 449
498 459
488 455
488 457
490 457
488 466
488 464
490 464
492 464
492 462
494 462
496 462
494 462
492 462
490 464
488 455
475 459
475 457
470 451
475 440
496 431
479 442
479 444
481 444
483 444
481 444
479 442
477 444
472 449
470 451
466 449
466 451
464 451
466 449
462 447
462 449
462 451
462 453
462 451
462 449
462 447
447 455
436 447
416 449
412 466
416 449
418 449
421 449
421 451
440 449
444 436
513 412
498 416
498 418
500 418
498 416
492 423
490 423
488 423
490 423
492 423
481 418
485 423
485 421
475 423
475 425
477 425
475 429
447 427
457 431
453 425
457 434
455 434
453 434
451 434
449 434
459 436
457 436
455 436
453 436
451 436
449 436
447 436
447 434
423 436
416 444
412 442
408 440
410 440
408 440
393 444
395 434
410 436
408 436
410 436
436 416
440 423
453 421
451 418
447 412
447 414
447 416
447 418
451 414
455 410
457 410
459 410
462 410
462 412
462 414
464 414
462 418
470 416
464 418
466 412
464 412
466 412
464 410
483 414
479 410
492 408
488 403
488 405
488 403
516 401
516 399
516 397
516 395
531 405
533 393
516 401
511 395
511 397
511 395
505 399
509 405
498 401
488 412
481 410
485 405
472 414
459 410
457 418
459 410
457 410
455 410
453 410
451 410
453 421
455 421
457 421
459 421
462 421
464 421
462 421
459 421
457 421
455 421
453 421
451 421
449 421
449 423
434 421
434 423
434 425
434 427
442 414
444 414
444 416
444 418
444 416
442 414
427 418
431 429
429 429
427 429
425 429
427 429
429 429
431 429
431 427
431 425
431 423
431 421
429 421
427 421
427 423
423 421
412 434
401 436
399 429
397 429
399 423
393 431
395 431
397 431
399 431
401 431
403 431
405 431
408 418
418 416
416 414
414 414
416 414
414 412
425 414
421 405
423 405
425 405
427 405
429 405
431 405
431 403
436 405
434 395
436 397
444 405
449 393
447 405
453 403
457 390
447 388
462 386
464 380
477 384
475 384
477 375
481 373
485 371
488 377
488 375
490 375
488 369
490 369
488 369
488 371
490 371
488 377
503 367
505 367
507 367
505 367
509 373
503 375
503 373
518 375
505 371
492 373
494 373
492 367
494 367
496 367
498 367
500 367
500 369
500 367
494 369
498 375
481 371
483 371
481 371
481 373
481 375
481 377
481 375
479 375
470 377
477 373
475 380
477 380
479 380
481 380
466 384
464 384
464 386
466 384
462 390
459 382
459 384
457 384
459 393
457 393
455 393
453 393
451 393
455 405
453 405
451 405
453 405
455 405
455 403
447 405
447 403
447 401
449 401
447 393
442 399
444 390
440 401
442 401
442 403
440 401
440 403
438 403
442 408
434 410
440 401
438 401
438 399
425 401
423 408
427 410
427 412
429 412
427 410
429 410
427 410
431 412
425 408
423 412
421 416
416 408
418 408
416 418
416 416
408 418
410 408
401 414
405 408
397 405
410 395
410 393
410 395
408 395
410 395
418 393
416 399
414 399
416 399
414 405
416 399
423 397
421 384
429 380
427 380
425 380
427 380
429 380
431 390
436 375
421 358
421 356
421 354
421 351
421 349
421 347
412 345
418 336
416 336
414 336
412 336
410 336
408 336
410 336
412 336
414 336
416 336
418 336
418 339
416 339
414 339
416 339
418 347
416 347
414 347
412 347
410 347
408 347
410 339
403 343
405 336
393 334
393 332
393 330
393 328
393 326
393 328
393 330
393 332
393 334
410 332
423 321
421 321
421 323
423 321
421 330
423 330
425 330
427 330
438 315
444 319
444 317
444 319
438 321
440 313
442 313
442 315
444 315
444 313
442 315
440 313
438 310
449 300
459 302
451 306
466 302
472 308
470 308
470 306
468 306
468 304
470 306
468 321
451 323
468 321
472 310
470 308
466 304
464 302
462 300
459 308
459 306
459 304
457 304
455 304
457 304
459 298
459 300
459 298
457 298
455 298
453 298
451 298
449 308
449 306
449 308
447 310
447 308
447 306
447 304
447 302
447 300
442 302
444 310
442 310
444 310
440 304
440 306
440 308
440 310
438 310
440 315
421 332
414 308
408 323
416 319
412 328
418 332
416 332
414 332
416 332
418 332
418 330
408 326
405 332
403 319
403 321
401 321
399 323
401 323
399 323
401 321
403 319
405 332
395 326
397 326
399 326
397 326
395 326
399 336
401 339
405 345
395 351
393 343
393 345
393 347
393 349
393 351
393 354
393 356
393 358
388 354
390 360
382 354
384 364
382 360
380 356
380 358
380 360
380 362
380 364
377 358
375 364
364 360
354 358
371 351
371 349
362 351
360 347
358 343
356 339
358 343
360 347
362 351
351 345
356 328
351 345
354 339
358 351
360 351
362 351
364 351
364 349
380 334
390 351
388 351
380 330
382 330
384 330
386 330
388 330
390 330
390 328
390 326
390 323
390 326
388 326
388 328
388 326
390 336
388 336
390 336
390 334
388 334
390 334
386 330
384 328
386 336
384 336
382 336
384 336
384 334
382 334
384 334
377 336
377 334
375 334
377 347
377 345
377 343
377 341
377 339
377 341
377 343
377 345
377 347
375 343
373 339
367 343
371 354
369 354
367 354
364 354
362 354
360 354
358 354
356 354
351 362
351 364
351 362
349 356
349 358
349 360
349 362
349 364
343 339
339 351
339 349
339 347
339 345
339 343
339 341
339 339
341 339
339 319
347 269
345 252
351 248
351 250
351 252
351 254
351 256
347 252
345 250
343 250
345 250
343 248
347 246
351 244
351 246
351 244
339 241
339 239
339 237
339 235
341 235
339 231
339 233
339 235
339 237
339 239
341 239
341 237
349 239
341 244
347 248
345 250
343 252
341 254
339 256
341 256
343 256
341 256
339 256
334 246
336 254
330 250
328 256
332 239
321 233
319 248
321 235
321 237
321 239
321 241
328 237
326 222
336 228
339 222
341 218
339 207
336 207
336 209
336 211
336 213
336 215
336 213
336 211
336 209
339 207
343 215
351 231
354 220
354 222
354 224
354 222
356 222
354 228
354 226
354 228
356 228
358 228
356 228
356 226
364 228
362 228
360 228
362 228
364 222
367 235
369 235
369 237
371 231
377 241
377 239
377 237
377 235
367 244
373 246
382 237
380 239
382 237
386 233
388 231
388 233
390 233
388 239
393 235
380 231
380 228
380 226
380 228
382 228
380 224
384 226
388 228
390 220
395 218
395 220
395 218
393 218
393 220
384 224
380 218
380 220
382 220
386 241
380 246
397 259
388 250
386 248
386 250
386 248
384 248
382 248
384 248
386 248
384 246
384 244
386 244
384 246
382 246
380 246
377 246
377 244
375 246
375 244
373 244
375 237
364 241
356 235
360 231
354 233
364 231
364 233
364 235
364 233
364 231
362 233
360 235
367 237
369 241
367 218
369 218
371 218
373 218
375 218
377 218
377 220
377 222
377 224
377 222
377 220
377 218
375 226
377 228
369 183
369 185
369 187
367 187
369 190
371 190
377 190
380 190
380 187
384 190
382 190
380 190
377 190
377 187
367 190
371 205
369 205
367 205
367 207
364 200
360 205
364 207
369 205
371 215
367 209
371 207
375 205
377 209
380 215
382 207
382 209
382 207
386 196
390 202
395 190
397 190
397 192
403 190
388 183
410 172
408 172
410 172
393 183
412 187
408 181
414 179
418 185
418 183
416 183
418 174
421 187
431 179
429 179
429 181
431 179
427 170
444 166
444 168
444 170
444 172
444 174
444 172
444 170
444 168
444 166
434 179
434 177
434 179
444 177
436 174
438 170
440 166
434 174
434 172
421 174
410 159
408 161
410 159
412 159
414 159
416 159
414 168
423 166
427 183
425 183
423 183
423 185
427 183
425 181
423 179
421 179
423 179
421 177
412 198
405 194
401 209
399 211
397 202
399 202
401 202
403 202
403 200
403 198
401 198
403 200
401 200
403 200
410 196
412 202
410 202
412 190
416 200
414 200
416 200
418 205
405 211
414 202
434 205
421 207
423 207
421 194
421 196
427 202
425 202
427 202
431 194
431 196
429 196
431 202
429 192
442 194
434 187
444 183
444 185
442 185
442 187
442 185
436 190
438 190
440 190
442 190
442 192
444 190
444 192
444 194
444 196
444 198
444 200
442 200
444 200
447 190
449 192
449 190
449 192
451 194
453 192
455 190
453 190
451 190
453 190
455 190
462 183
455 177
447 187
447 185
449 185
453 179
447 177
459 170
459 172
459 174
457 174
459 170
455 168
455 166
453 166
455 168
451 166
449 170
447 174
447 172
447 170
447 168
447 166
447 164
447 166
462 168
462 170
462 168
472 164
477 170
485 164
479 172
481 161
494 164
492 151
500 157
481 161
479 168
477 168
475 168
475 166
462 168
462 166
462 164
462 161
462 159
462 157
462 155
462 153
462 151
459 151
459 153
442 151
440 157
440 155
440 153
438 153
440 151
440 153
440 155
438 155
440 159
438 159
436 159
436 157
429 159
429 161
429 159
462 149
466 155
470 161
466 138
472 136
472 138
472 140
472 142
472 144
472 146
483 142
475 136
485 133
483 133
485 142
488 140
494 136
500 146
498 142
496 138
507 133
503 123
503 125
505 125
507 127
509 125
511 123
511 125
511 127
511 129
511 131
513 133
516 136
513 136
511 136
513 136
513 138
511 138
513 138
503 136
505 136
507 136
507 138
516 136
522 144
520 144
522 153
503 157
507 170
526 177
524 177
522 177
520 177
518 177
516 177
518 177
516 183
529 172
539 185
524 190
533 226
524 202
526 187
524 187
522 187
520 187
533 192
537 187
535 187
533 187
531 187
529 187
537 183
535 181
535 179
535 181
533 179
531 177
526 172
513 174
511 164
507 170
503 142
503 144
511 155
516 153
526 155
526 153
526 151
524 151
524 153
524 151
524 149
524 151
526 149
526 151
526 153
526 155
524 155
516 161
522 164
526 166
522 164
516 161
518 149
526 146
526 144
526 142
526 140
526 138
526 136
533 146
529 153
533 142
526 136
526 138
526 140
526 142
526 144
526 146
524 146
522 146
520 146
518 146
516 138
524 136
520 142
509 123
500 133
500 131
500 129
500 127
498 127
500 123
498 107
500 107
503 107
505 107
505 105
513 107
513 105
513 103
513 101
513 99
513 101
513 103
511 103
511 101
511 103
513 107
498 103
500 103
500 101
500 99
500 97
500 99
498 99
500 95
488 92
498 84
507 88
516 92
518 103
522 99
520 97
518 95
520 95
522 95
524 95
526 95
524 95
526 103
524 95
520 97
522 97
520 97
518 97
520 97
516 99
516 101
516 103
516 105
518 105
516 110
513 110
511 110
509 110
507 110
505 110
505 112
503 110
505 112
507 114
509 114
509 112
507 114
503 120
509 116
511 118
511 120
511 118
511 116
511 114
511 112
511 114
511 116
511 118
509 116
507 114
505 112
518 110
516 123
516 120
518 120
516 88
533 92
533 95
533 97
533 99
533 101
531 101
533 116
526 114
522 120
526 125
520 123
522 120
526 114
533 120
533 118
533 120
531 86
531 88
518 90
524 86
516 88
516 86
516 84
516 82
516 84
516 86
516 88
516 90
516 92
503 97
513 95
513 92
513 90
513 88
513 86
513 84
513 86
513 88
513 90
513 92
511 92
511 90
503 92
503 90
503 92
505 90
507 88
511 84
488 86
490 86
498 77
496 77
496 75
488 77
488 75
488 73
488 71
488 69
490 69
488 69
492 79
490 79
492 64
492 66
494 66
492 64
503 58
505 58
507 58
509 58
505 69
507 71
509 73
511 75
513 77
503 49
513 51
518 30
516 41
529 53
526 62
526 60
539 62
539 64
539 66
539 64
539 62
537 62
539 151
539 149
539 146
539 144
539 142
539 140
537 140
539 75
535 69
533 66
539 58
539 60
539 58
537 60
535 62
531 66
529 56
531 56
533 56
535 56
522 45
520 49
522 49
522 51
520 51
520 53
522 53
520 53
522 51
520 49
518 53
520 41
516 51
513 45
511 41
472 43
475 21
483 28
483 30
483 28
481 28
479 28
479 30
475 28
481 38
488 28
488 30
488 32
488 30
488 28
485 38
483 38
481 38
481 36
483 36
481 36
481 34
479 34
481 30
475 38
477 38
479 38
477 38
475 38
477 32
472 28
470 34
462 19
459 25
457 6
444 4
442 17
444 17
442 4
442 6
442 8
442 6
436 4
438 4
438 6
440 8
442 10
444 12
444 10
444 8
444 6
444 4
447 4
447 6
451 4
455 12
457 4
459 6
455 15
462 19
462 17
462 15
462 12
462 15
462 17
462 19
462 21
462 23
464 15
466 15
464 23
468 21
472 19
472 21
472 23
472 25
464 23
472 36
470 53
472 43
481 45
475 41
496 45
511 38
505 32
503 30
509 21
503 17
500 15
500 17
500 19
500 21
500 19
498 19
500 25
498 25
496 25
494 25
503 17
500 4
500 6
503 12
513 4
511 4
513 4
513 6
513 8
511 8
505 12
507 6
507 4
509 4
507 6
503 4
505 4
503 19
509 15
507 17
509 17
507 17
505 19
507 19
509 19
511 19
513 23
513 25
511 15
505 23
503 28
505 28
507 28
509 28
511 28
511 30
513 28
513 30
513 32
511 32
513 38
513 36
513 34
513 32
513 30
513 28
511 28
509 28
507 28
505 28
503 28
503 30
505 30
509 34
511 36
503 38
500 32
498 28
500 36
498 36
496 36
494 36
492 36
490 36
488 38
490 38
488 38
503 36
511 47
513 41
513 43
513 45
513 47
513 49
513 51
511 51
511 49
507 53
505 53
507 53
505 51
503 49
500 60
494 51
494 53
492 53
494 51
500 49
500 51
498 51
500 58
490 66
483 58
483 60
485 90
483 62
488 58
490 66
490 64
490 62
492 62
490 56
496 58
492 69
494 71
496 73
498 75
500 92
500 90
500 92
488 95
498 97
498 99
500 99
498 133
496 133
496 131
488 133
492 131
500 127
500 129
500 131
500 133
500 136
498 136
496 136
498 136
498 138
485 142
485 140
485 138
485 136
483 136
481 136
479 136
477 136
475 136
472 146
468 136
470 136
468 146
464 136
462 146
462 144
462 142
462 140
462 138
462 136
459 136
459 138
455 136
457 136
459 136
462 136
462 133
462 131
462 129
462 127
468 131
468 133
466 133
464 133
466 133
466 131
462 125
457 133
459 123
457 123
455 123
457 123
459 123
457 125
455 127
453 127
455 127
453 129
451 129
453 129
451 131
455 125
449 127
447 123
447 125
447 123
457 120
451 112
449 118
449 116
449 118
447 105
444 120
442 120
444 120
442 118
440 116
421 136
431 138
431 136
429 136
427 136
425 136
427 136
429 136
431 138
429 138
427 138
425 138
423 138
421 138
421 140
401 138
403 153
401 151
399 149
395 159
397 149
390 146
380 164
382 164
384 164
386 164
388 164
390 164
388 164
380 166
380 168
380 166
386 168
377 153
377 155
377 157
377 159
375 159
377 168
377 166
377 164
377 166
377 168
367 170
369 170
367 164
364 170
364 168
362 168
364 164
354 170
356 146
369 136
371 136
369 136
373 142
377 127
386 131
380 140
384 138
382 138
384 138
388 136
380 142
384 127
399 131
397 131
399 114
393 118
393 120
393 118
397 120
395 120
397 120
403 123
401 123
401 125
395 123
397 123
395 123
397 131
393 123
388 133
390 133
388 133
390 118
390 120
390 123
388 123
390 127
373 131
375 142
377 142
377 140
377 138
377 136
377 138
377 140
375 142
375 144
375 146
375 144
373 144
373 146
373 144
375 142
369 149
367 149
369 149
369 151
367 151
367 153
367 151
369 149
371 142
369 142
367 142
364 142
364 144
360 142
362 140
364 138
364 140
362 140
364 146
356 144
364 149
364 151
362 151
364 161
362 157
360 153
358 149
358 151
358 153
356 153
354 153
356 153
358 161
351 164
351 161
351 159
351 157
351 155
349 155
349 157
349 159
349 161
349 159
349 157
349 155
351 153
351 155
351 157
351 159
351 161
351 164
349 164
349 166
349 168
349 166
349 164
351 170
351 168
362 164
360 166
358 168
371 170
375 161
367 159
369 159
371 159
371 157
377 161
380 153
386 159
386 157
384 157
386 149
388 149
390 149
390 151
388 151
390 151
390 153
390 155
390 157
390 159
388 159
390 151
393 149
393 151
393 153
393 155
393 157
393 159
393 161
393 159
393 157
393 155
393 153
393 151
393 149
405 153
405 151
405 149
403 149
405 144
395 142
397 142
397 144
397 146
399 146
397 144
395 144
393 144
393 146
397 144
410 142
410 144
410 146
408 146
410 149
408 138
418 136
416 140
414 140
416 140
414 144
412 144
414 144
416 146
414 146
412 146
414 146
416 146
418 142
423 144
421 144
423 144
421 136
434 133
434 131
434 129
434 125
436 125
434 110
434 112
434 114
434 116
434 118
434 120
436 120
438 120
440 120
442 107
438 101
440 101
440 99
444 101
444 103
444 105
444 107
444 105
444 103
444 101
434 95
436 95
434 107
436 107
436 105
436 103
436 105
434 107
438 92
434 86
438 90
438 88
438 90
440 77
442 64
451 58
447 60
440 62
442 62
440 62
442 77
425 75
425 77
427 77
425 92
427 92
427 90
431 82
431 84
431 86
429 86
431 92
429 92
431 92
429 82
427 82
425 82
423 82
421 82
421 84
414 82
418 86
408 92
412 82
405 86
405 88
405 86
403 82
403 84
403 86
403 84
403 82
414 92
416 92
414 92
423 84
423 86
421 86
423 95
425 95
427 95
429 95
431 95
431 97
429 97
431 107
416 95
414 95
416 95
418 107
416 107
418 107
403 105
405 105
405 103
405 105
405 107
405 110
412 105
408 95
410 101
412 107
421 99
421 101
423 101
421 114
410 110
412 110
414 110
416 110
418 110
418 112
423 116
423 114
423 112
423 110
427 120
429 125
425 110
427 110
427 112
425 112
427 112
431 110
429 110
431 110
429 120
421 118
421 116
421 114
421 112
421 110
421 107
423 107
421 103
431 107
431 105
431 103
431 101
431 99
431 97
431 95
429 95
427 95
427 97
425 97
427 97
423 95
421 92
423 62
414 71
416 75
414 75
414 77
416 75
418 79
418 77
418 75
418 73
418 71
418 69
416 69
414 69
412 69
412 71
408 69
410 69
408 79
410 73
399 66
405 62
397 58
393 56
393 58
399 56
399 58
399 56
397 58
395 60
393 60
395 60
397 64
399 62
405 56
408 58
414 62
408 66
410 66
408 56
401 60
405 53
401 49
399 49
397 49
395 49
393 49
393 47
393 49
399 47
397 45
393 41
397 45
399 53
397 53
395 53
395 51
388 53
390 60
390 58
388 58
390 41
388 41
390 41
390 43
388 43
390 47
388 47
386 47
386 45
380 47
382 49
384 51
384 49
386 49
384 51
386 53
382 38
384 38
386 38
388 38
390 38
384 32
382 32
382 34
380 36
380 38
380 36
382 34
384 32
386 43
377 41
377 43
377 45
377 47
367 41
369 41
369 43
369 41
371 43
373 45
377 30
375 30
377 30
371 32
367 23
364 23
364 25
362 25
360 25
358 25
356 25
358 25
360 25
362 25
362 23
360 21
358 21
356 21
354 21
354 23
354 25
354 23
360 21
362 23
364 25
367 23
371 38
369 38
367 38
369 38
369 36
362 28
360 38
362 30
354 28
356 28
358 28
360 28
358 30
356 30
358 30
356 32
358 36
356 34
356 36
356 34
354 32
354 30
354 32
347 34
347 32
345 32
347 25
351 19
351 21
341 19
339 17
339 19
339 21
339 23
339 25
341 23
343 21
343 23
343 21
341 23
339 25
339 23
339 21
339 19
339 17
328 15
332 25
332 23
326 25
328 25
326 10
334 12
332 12
326 15
336 17
334 25
336 21
339 15
349 17
347 17
345 21
349 25
347 25
345 25
345 23
343 25
349 28
347 28
345 28
345 30
323 28
323 25
321 25
323 15
321 15
323 15
321 23
317 12
313 10
323 8
323 10
323 12
321 12
323 10
313 8
315 8
317 8
319 8
319 10
319 12
317 12
319 23
313 15
315 25
313 25
310 25
308 25
306 25
310 8
308 8
306 8
308 8
310 8
310 10
308 10
306 10
304 10
304 12
302 12
300 12
298 12
298 10
300 10
300 8
298 8
300 8
300 6
298 6
300 8
298 10
304 12
302 6
310 10
310 12
308 12
310 21
308 21
306 21
304 21
304 19
302 19
302 17
304 19
285 15
287 15
289 15
287 15
285 21
280 10
291 12
295 6
293 6
291 6
293 6
295 6
295 8
295 10
295 12
293 12
291 12
289 12
287 12
285 12
289 6
263 8
265 8
267 8
267 10
265 10
263 10
265 10
265 12
263 12
261 12
261 10
259 10
261 10
265 12
267 10
282 8
280 23
278 23
276 23
274 23
274 21
276 21
278 21
278 19
274 21
272 15
274 15
276 15
278 15
276 15
274 15
272 15
267 23
265 15
263 25
265 15
263 15
261 15
259 15
261 15
259 28
261 28
263 28
261 28
259 28
256 12
256 15
256 17
256 19
256 21
256 23
256 25
254 25
254 23
250 25
254 15
248 23
244 17
248 25
231 23
237 19
235 21
231 25
233 25
235 25
237 25
239 25
241 17
239 17
241 17
239 25
250 28
252 28
254 28
256 28
254 28
252 28
252 30
254 30
252 30
250 28
250 30
237 36
239 32
239 34
239 36
241 36
239 32
241 28
239 28
241 28
241 30
235 28
231 38
233 28
231 28
233 28
226 32
228 38
226 38
228 38
220 34
222 41
218 43
220 43
228 41
222 38
220 25
228 23
218 25
220 25
218 38
220 38
218 38
218 36
215 28
215 30
215 32
213 32
215 38
213 38
211 38
209 38
207 38
205 38
202 38
200 38
198 38
196 38
194 38
209 36
205 47
215 41
215 43
205 49
207 49
205 49
202 41
202 43
202 45
202 47
202 49
202 51
194 41
196 41
198 41
200 41
196 47
194 47
196 47
198 53
196 53
194 53
194 51
190 53
192 41
192 43
192 45
190 45
190 43
190 41
190 43
190 45
192 49
185 47
185 49
185 47
183 53
185 53
185 51
183 53
187 41
181 49
177 41
179 41
177 53
179 53
181 53
179 53
177 53
172 41
168 53
170 53
168 53
168 51
174 53
172 53
174 53
174 51
172 51
174 45
170 49
166 53
161 49
168 62
172 56
170 56
168 56
168 58
159 56
159 58
159 56
161 56
159 66
161 60
146 64
146 66
146 64
157 69
149 71
153 75
151 75
153 75
155 77
149 73
144 86
136 82
136 84
138 84
138 86
138 84
136 92
138 92
136 82
138 82
140 82
142 82
140 95
138 95
136 95
136 97
140 95
146 69
144 69
142 69
142 71
146 69
144 79
142 79
140 79
138 79
138 77
129 79
133 92
131 92
133 92
116 90
114 95
129 97
129 99
129 101
129 103
129 101
129 99
129 97
125 107
127 107
125 107
127 95
133 101
131 101
131 103
133 101
125 95
123 107
120 95
110 107
112 97
114 97
112 105
120 99
114 112
127 110
123 114
123 112
116 120
114 114
114 116
114 118
114 120
114 123
114 120
110 110
112 118
112 116
101 118
95 129
95 127
97 127
95 123
105 129
105 131
103 131
103 133
103 131
105 129
99 138
92 131
90 129
82 149
86 161
84 177
82 149
95 140
92 142
86 146
82 136
84 136
82 136
79 146
71 149
71 151
71 149
73 149
73 151
75 151
69 155
73 183
62 181
64 183
71 190
69 190
71 205
75 146
79 144
79 142
79 144
90 136
86 129
84 131
82 133
88 125
88 127
86 127
88 133
90 133
90 131
101 133
99 133
101 114
95 116
97 114
99 112
101 110
101 112
101 110
103 120
107 110
99 107
107 105
4 4
